NODE,id(int),degree(int),label(string),value(int)
,1,5,1,1
,2,6,2,1
,3,8,3,1
,4,5,4,1
,5,1,5,1
,6,5,6,1
,7,3,7,1
,8,3,8,1
,9,3,9,1
,10,5,10,1
,11,4,11,1
,12,2,12,1
,13,2,13,1
,14,4,14,1
,15,2,15,1
,16,4,16,1
,17,3,17,1
,18,2,18,1
,19,9,19,1
,20,4,20,1
,21,3,21,1
,22,3,22,1
,23,8,23,1
,24,2,24,1
,25,4,25,1
,26,2,26,1
,27,11,27,2
,28,3,28,1
,29,2,29,1
,30,3,30,1
,31,4,31,1
,32,3,32,1
,33,9,33,1
,34,4,34,1
,35,4,35,1
,36,3,36,1
,37,2,37,1
,38,3,38,1
,39,3,39,1
,40,2,40,1

EDGE,id(int),from(int),to(int)
,1,0,4
,2,0,12
,3,1,2
,4,1,15
,5,1,21
,6,2,9
,7,2,37
,8,2,16
,9,2,5
,10,2,34
,11,2,3
,12,2,13
,13,3,21
,14,5,14
,15,6,15
,16,7,31
,17,8,13
,18,8,14
,19,8,18
,20,9,6
,21,9,34
,22,10,22
,23,10,1
,24,10,30
,25,11,20
,26,11,28
,27,12,39
,28,15,23
,29,17,20
,30,18,13
,31,18,21
,32,18,0
,33,18,1
,34,18,15
,35,18,5
,36,18,6
,37,18,36
,38,19,17
,39,19,36
,40,19,33
,41,22,31
,42,22,28
,43,22,33
,44,22,34
,45,22,0
,46,22,20
,47,22,32
,48,24,35
,49,25,3
,50,25,24
,51,26,13
,52,26,19
,53,26,24
,54,26,23
,55,26,27
,56,26,34
,57,26,32
,58,26,7
,59,26,0
,60,26,37
,61,27,32
,62,27,16
,63,29,9
,64,29,1
,65,30,31
,66,30,29
,67,32,9
,68,32,7
,69,32,3
,70,32,5
,71,32,16
,72,32,30
,73,33,3
,74,35,5
,75,35,26
,76,37,38
,77,38,33
,78,38,24
,79,39,10
